Files	filesize	extracted text	metadata
1	84.2475087301	13.6444936547	2.1079976152
2	63.9898562975	4.1420118343	31.8681318681
3	74.021542071	22.1179481711	3.8605097579
4	96.1839160636	2.627372337	1.1887115994
5	64.4753476612	10.3244837758	25.200168563
6	54.146856841	10.353935552	35.499207607
7	58.3157259282	36.4020525204	5.2822215515
8	50.6948640483	10.8157099698	38.4894259819
9	71.1433489058	26.363412835	2.4932382592
10	72.4467041299	25.9700294354	1.5832664348
11	64.7329650092	3.1307550645	32.1362799263
12	68.8705816082	27.7918603014	3.3375580904
13	75.9462900799	19.1920361153	4.8616738048
14	57.8947368421	7.2368421053	34.8684210526
15	51.4734774067	10.0851342502	38.4413883432
16	68.7556329989	29.2435258066	2.0008411945
17	59.5168281489	30.2332993371	10.249872514
18	63.0769230769	3.8914027149	33.0316742081
19	57.2772898369	8.4065244668	34.3161856964
20	73.1966787753	15.282823041	11.5204981837
21	63.5181382615	5.749486653	30.7323750856
22	66.2839248434	1.4613778706	32.254697286
23	84.1562569296	14.546529677	1.2972133935
24	62.0450606586	4.5927209705	33.3622183709
25	91.3697974141	7.4205167711	1.2096858148
26	68.3116883117	10.5627705628	21.1255411255
27	51.9047619048	11.9913419913	36.1038961039
28	66.9396110542	1.4329580348	31.627430911
29	67.7884615385	3.2852564103	28.9262820513
30	63.8242894057	4.0482342808	32.1274763135
31	66.4015904573	1.8886679921	31.7097415507
32	67.0531400966	1.9323671498	31.0144927536
33	60.2222222222	6.3703703704	33.4074074074
34	60.5551497443	6.3550036523	33.0898466034
35	61.7212819589	36.581742888	1.696975153
36	73.0727470141	22.2288026848	4.6984503011
37	61.1346316681	5.0804403048	33.7849280271
38	62.9324546952	4.6952224053	32.3723228995
39	56.9958847737	7.9561042524	35.0480109739
40	76.5518803806	15.0657000453	8.3824195741
41	94.8813586223	1.5713038648	3.5473375129
42	60.9090909091	5.9848484849	33.1060606061
43	72.9984301413	15.1229722658	11.8785975929
44	62.9691409508	4.5871559633	32.4437030859
45	71.5517241379	10.4166666667	18.0316091954
46	68.5417159064	22.666036398	8.7922476956
47	54.593639576	9.6584216726	35.7479387515
48	62.0027434842	6.2414266118	31.755829904
49	64.4305772231	4.6021840874	30.9672386895
50	57.8602620087	7.2780203785	34.8617176128
51	58.0796252927	6.7135050742	35.2068696331
52	82.993822007	13.3661713141	3.6400066789
53	78.0166771457	21.3989012461	0.5844216081
54	56.7941415785	6.834825061	36.3710333605
55	61.5104640582	4.3676069154	34.1219290264
56	81.9857817391	17.0300811714	0.9841370895
57	66.391804098	23.3633183408	10.2448775612
58	68.5293562394	21.6537662828	9.8168774778
59	56.0170006072	37.9842137219	5.9987856709
60	74.2131766681	17.2681493915	8.5186739404
61	64.2428266266	34.4148721205	1.3423012528
62	61.8901720481	37.5627083263	0.5471196256
63	60.6293169609	5.9861857253	33.3844973139
64	68.539375275	29.5908490981	1.8697756269
65	54.7208821502	8.6836664369	36.5954514128
66	54.9348230912	9.2489137182	35.8162631906
67	59.9285714286	6.7142857143	33.3571428571
68	60.9589041096	5.051369863	33.9897260274
69	54.0221914008	8.8765603329	37.1012482663
70	71.451166469	11.862396204	16.686437327
71	61.5803814714	6.4713896458	31.9482288828
72	73.5758513932	19.2105263158	7.213622291
73	66.8441064639	14.6007604563	18.5551330798
74	61.1453744493	4.7577092511	34.0969162996
75	85.1541118248	14.7168536046	0.1290345705
76	59.3965517241	5.5172413793	35.0862068966
77	85.2623880051	13.4485280673	1.2890839276
78	68.3922349428	9.8058735689	21.8018914883
79	62.9474662947	9.8093909809	27.2431427243
80	73.046143368	18.8489698621	8.10488677
81	65.4589371981	4.0257648953	30.5152979066
82	72.1535402438	24.837900925	3.0085588312
83	64.3826166935	33.5183786092	2.0990046973
84	75.0097770825	7.8607743449	17.1294485725
85	65.3082400086	31.7757343733	2.9160256181
86	70.7598039216	19.7303921569	9.5098039216
87	70.4593639576	11.3780918728	18.1625441696
88	54.422253923	8.5592011412	37.0185449358
89	93.9583871801	1.4086327216	4.6329800982
90	74.566128067	4.6080191502	20.8258527828
91	63.1676477	29.1802921299	7.6520601701
92	68.3987682833	13.2794457275	18.3217859892
93	79.6430563302	2.9559397658	17.4010039041
94	74.155898291	16.1734055857	9.6706961234
95	61.7274167987	5.3882725832	32.8843106181
96	65.2788104089	4.6096654275	30.1115241636
97	74.0635372214	18.7292555714	7.2072072072
98	64.7509578544	2.7777777778	32.4712643678
99	57.5471698113	6.8396226415	35.6132075472
100	68.0390879479	29.661237785	2.2996742671
101	65.5893536122	2.566539924	31.8441064639
102	76.2528076834	18.3409495779	5.4062427388
103	80.730517796	15.6999066099	3.5695755941
104	69.9927311174	24.8992268552	5.1080420274
105	64.5641389086	5.1736357194	30.2622253721
106	56.1609907121	8.8544891641	34.9845201238
107	61.0510046368	5.7959814529	33.1530139104
108	70.8248324104	24.8615563976	4.3136111921
109	54.1602858601	10.5155691679	35.3241449719
110	66.7718523193	16.7560744714	16.4720732092
111	64.8506151142	27.6362038664	7.5131810193
112	77.5439465214	11.3641990592	11.0918544194
113	71.25382263	17.9816513761	10.7645259939
114	62.0253164557	6.1181434599	31.8565400844
115	61.9407321325	7.2632190587	30.7960488088
116	54.4345898004	10.0332594235	35.5321507761
117	65.4218928164	12.1721778791	22.4059293044
118	52.6150627615	6.0669456067	41.3179916318
119	55.5789473684	8.2807017544	36.1403508772
120	77.6824034335	14.7093250098	7.6082715568
121	66.1706349206	1.9841269841	31.8452380952
122	66.8630500412	32.1617418351	0.9752081237
123	64.068627451	14.9509803922	20.9803921569
124	57.8981723238	7.9634464752	34.138381201
125	63.7942046524	35.2695979562	0.9361973914
126	58.6374695864	6.2449310625	35.1175993512
127	65.5563966692	4.3906131718	30.052990159
128	76.6859704838	14.9448907155	8.3691388007
129	51.6646848989	10.5826397146	37.7526753864
130	78.7174761027	20.2044665438	1.0780573535
131	86.7375489647	6.7991046447	6.4633463906
132	78.6100620133	19.7370261575	1.6529118292
133	56.2380038388	8.6372360845	35.1247600768
134	60.9826589595	6.2861271676	32.7312138728
135	61.8901720481	37.5627083263	0.5471196256
136	55.3020134228	8.6577181208	36.0402684564
137	65.2014652015	3.021978022	31.7765567766
138	68.6138815388	27.7223692245	3.6637492367
139	61.2337662338	6.8831168831	31.8831168831
140	66.0358565737	1.9920318725	31.9721115538
141	57.2111553785	6.8525896414	35.9362549801
142	59.280997799	6.7498165811	33.96918562
143	56.8985176739	9.0649942988	34.0364880274
144	65.4359780047	4.1633935585	30.4006284368
145	61.6488651535	33.9675122385	4.3836226079
146	63.6861313869	3.5583941606	32.7554744526
147	74.5170193192	6.25574977	19.2272309108
148	58.6479367867	5.6189640035	35.7330992098
149	54.4907295931	43.1254514809	2.3838189261
150	68.2140047207	3.2258064516	28.5601888277
151	61.8274978651	4.7822374039	33.390264731
152	63.0940343782	2.8311425683	34.0748230536
153	72.9392173189	14.2381348876	12.8226477935
154	58.0702875399	25.750798722	16.178913738
155	76.833976834	6.864006864	16.302016302
156	72.9643581571	14.2857142857	12.7499275572
157	60.8792431831	7.8464106845	31.2743461324
158	72.6798199406	25.2657791399	2.0544009195
159	62.5	5.8571428571	31.6428571429
160	59.5034910784	6.2839410396	34.2125678821
161	60.3686635945	6.0675883257	33.5637480799
162	56.253928347	8.7366436204	35.0094280327
163	59.8290598291	6.7663817664	33.4045584046
164	54.9138726546	41.2565364503	3.8295908951
165	83.4843708957	14.158129761	2.3574993433
166	58.544072504	37.0998392048	4.3560882912
167	68.6316695353	11.3166953528	20.0516351119
168	61.8845500849	4.753820034	33.3616298812
169	52.6150627615	6.0669456067	41.3179916318
170	77.936898635	10.9196688297	11.1434325352
171	78.4442903375	20.3606102635	1.195099399
172	54.8367593712	9.4316807739	35.7315598549
173	60.0258732212	7.3091849935	32.6649417853
174	78.4674657534	4.2380136986	17.2945205479
175	63.717693837	2.7833001988	33.4990059642
176	64.829586657	4.9311094996	30.2393038434
177	65.5563966692	4.3906131718	30.052990159
178	73.9272846381	19.0632165084	7.0094988536
179	60.7411696584	13.7811233353	25.4777070064
180	93.9583871801	1.4086327216	4.6329800982
181	60.8294930876	5.9139784946	33.2565284178
182	47.049924357	3.4795763994	49.4704992436
183	58.9077887198	5.3715308863	35.7206803939
184	62.1134020619	4.6391752577	33.2474226804
185	85.5825864277	7.0934699104	7.323943662
186	70.3765490944	19.0896091516	10.5338417541
187	89.0246000344	7.8036297953	3.1717701703
188	62.2088006903	4.572907679	33.2182916307
189	67.4066599395	1.4127144299	31.1806256307
190	74.6859004188	7.5383899488	17.7757096324
191	59.9361022364	7.4121405751	32.6517571885
192	66.5284974093	1.4507772021	32.0207253886
193	61.8165784832	29.3650793651	8.8183421517
194	60.6986899563	4.9781659389	34.3231441048
195	83.0492057342	8.54320031	8.4075939558
196	63.548951049	4.020979021	32.4300699301
197	66.2889239259	28.6657469452	5.0453291289
198	82.9456145866	11.804464005	5.2499214084
199	50.3448275862	10.1379310345	39.5172413793
200	60.3693181818	6.6051136364	33.0255681818
201	70.0847079804	9.4070441373	20.5082478823
202	67.0089285714	11.1160714286	21.875
203	85.9664555477	12.1979826413	1.8355618109
204	53.5932362612	11.0850164396	35.3217472992
205	65.5281969817	4.0508339952	30.420969023
206	61.7021276596	6.170212766	32.1276595745
207	79.3349168646	13.4996041172	7.1654790182
208	69.6636925189	3.7062457104	26.6300617708
209	53.8424821002	10.9307875895	35.2267303103
210	66.1351556568	4.1761579347	29.6886864085
211	61.8587608261	11.4257161892	26.7155229847
212	56.2802440564	17.420576478	26.2991794656
213	62.8419452888	5.3191489362	31.8389057751
214	70.1055284297	26.7916207277	3.1028508427
215	62.9441624365	2.8426395939	34.2131979695
216	74.085725521	18.4689998689	7.44527461
217	84.2686215032	12.0997640715	3.6316144254
218	89.2085076709	4.4543235704	6.3371687587
219	69.987000325	27.2668183295	2.7461813455
220	46.1005199307	1.733102253	52.1663778163
221	68.025751073	15.2973635806	16.6768853464
222	60.433604336	4.7877145438	34.7786811201
223	71.6921119593	3.4987277354	24.8091603053
224	67.8899082569	2.1100917431	30
225	38.9830508475	15.9604519774	45.0564971751
226	53.8185545874	10.6099436187	35.571501794
227	53.7377564221	43.1343559416	3.1278876363
228	66.2194159432	3.8674033149	29.9131807419
229	62.7559490869	7.2495849474	29.9944659657
230	55.8449424591	9.0854027862	35.0696547547
231	61.8140243902	5.6402439024	32.5457317073
232	61.1964430073	5.4163298302	33.3872271625
233	76.9235409441	21.794601116	1.28185794
234	66.1404893449	3.9463299132	29.9131807419
235	59.1235059761	6.2151394422	34.6613545817
236	61.1156685808	5.3322395406	33.5520918786
237	81.4785809382	16.2737880805	2.2476309813
238	59.6444163905	38.2041975698	2.1513860397
239	63.7063351095	6.5719360568	29.7217288336
240	66.7514843087	3.1382527566	30.1102629347
241	62.4147856385	31.0104529617	6.5747613998
242	59.7222222222	6.25	34.0277777778
243	89.3803098451	7.1151924038	3.5044977511
244	81.2399176726	17.8241642098	0.9359181176
245	83.9701572076	13.5411670663	2.4886757261
246	66.2436548223	3.3840947547	30.372250423
247	85.8672826543	13.1037379252	1.0289794204
248	80.7949349279	10.4994723883	8.7055926838
249	61.2440191388	4.019138756	34.7368421053
250	96.0371345434	0.6720243869	3.2908410697
251	73.2796147078	25.9368343058	0.7835509864
252	72.9443938013	18.7784867821	8.2771194166
253	62.2088006903	4.572907679	33.2182916307
254	51.3574660633	9.2006033183	39.4419306184
255	58.0945558739	7.3065902579	34.5988538682
256	90.3095425868	7.3590299685	2.3314274448
257	62.5581395349	5.2713178295	32.1705426357
258	82.3788359788	16.0677248677	1.5534391534
259	66.6986564299	2.1113243762	31.1900191939
260	60.5034722222	5.0347222222	34.4618055556
261	64.1670860594	11.0719677906	24.76094615
262	72.619047619	9.8901098901	17.4908424908
263	62.7218934911	4.5646661031	32.7134404057
264	76.660904855	21.8247407185	1.5143544266
265	60.663507109	5.766192733	33.570300158
266	64.7512864494	3.7735849057	31.4751286449
267	59.6201486375	5.7803468208	34.5995045417
268	65.8760520275	4.208110176	29.9158377965
269	52.6674570243	21.9176052164	25.4149377593
270	60.4294478528	6.0582822086	33.5122699387
271	52.0109689214	7.4954296161	40.4936014625
272	61.3314447592	6.3031161473	32.3654390935
273	58.4289496911	5.6487202118	35.9223300971
274	61.797752809	6.9288389513	31.2734082397
275	61.8906942393	5.8345642541	32.2747415066
276	61.5102639296	6.0117302053	32.4780058651
277	59.7014925373	6.1272584446	34.1712490181
278	62.1787709497	20.8379888268	16.9832402235
279	57.1116656269	35.6207111666	7.2676232065
280	69.0860748442	30.0944481924	0.8194769634
281	80.9813475684	18.0410291425	0.9776232892
282	57.326007326	8.547008547	34.126984127
283	62.1101824391	21.3714388425	16.5183787184
284	58.2537517053	7.5716234652	34.1746248295
285	80.0557575095	19.0354497499	0.9087927406
286	76.0846560847	12.4338624339	11.4814814815
287	75.9192701134	17.0859828587	6.9947470279
288	56.6382101855	35.7962908449	7.5654989697
289	74.2481203008	18.1860902256	7.5657894737
290	58.0157687254	7.8843626807	34.099868594
291	73.673916445	23.86950399	2.456579565
292	63.26434619	12.8410159925	23.8946378175
293	60.4206500956	7.2657743786	32.3135755258
294	57.9292267366	7.9292267366	34.1415465269
295	58.2432432432	7.6351351351	34.1216216216
296	60.1809954751	6.2594268477	33.5595776772
297	72.2874589009	8.1728511038	19.5396899953
298	59.7301136364	6.8181818182	33.4517045455
299	57.5796178344	8.2165605096	34.2038216561
300	66.1251015435	3.7367993501	30.1380991064
301	76.7066307805	13.5062392953	9.7871299242
302	69.2432261632	29.1235484635	1.6332253733
303	57.9335793358	7.1586715867	34.9077490775
304	61.2049963262	6.0984570169	32.6965466569
305	56.9086651054	7.1038251366	35.987509758
306	59.1095890411	7.2602739726	33.6301369863
307	67.703568161	2.1957913998	30.1006404392
308	75.8627070034	20.9732630216	3.164029975
309	54.0372670807	8.9026915114	37.0600414079
310	81.2701749118	16.5753321823	2.1544929059
311	64.084989719	5.5517477725	30.3632625086
312	68.281535649	2.0109689214	29.7074954296
313	68.5730149917	5.8856191005	25.5413659078
314	60.2489019034	6.4421669107	33.3089311859
315	87.9753564718	11.1871713832	0.8374721449
316	66.7695473251	1.4403292181	31.7901234568
317	54.5392491468	8.8054607509	36.6552901024
318	70.1174743025	3.0837004405	26.798825257
319	74.3159525039	23.6138358286	2.0702116675
320	77.0977917981	1.7034700316	21.1987381703
321	68.9014482515	28.6117979513	2.4867537972
322	67.3209549072	13.3687002653	19.3103448276
323	67.265917603	3.8951310861	28.8389513109
324	65.0036683786	4.8422597212	30.1540719002
325	63.9585133967	3.9757994814	32.0656871219
326	66.1278988053	4.7083626142	29.1637385805
327	54.4235924933	10.1876675603	35.3887399464
328	74.9201396627	21.7591560805	3.3207042567
329	62.2102009274	5.4095826893	32.3802163833
330	75.1143641354	13.7846904544	11.1009454102
331	63.5416666667	4.0798611111	32.3784722222
332	61.4018691589	4.1121495327	34.4859813084
333	68.3760683761	3.2634032634	28.3605283605
334	80.4523323386	18.4388251924	1.108842469
335	51.3460597161	11.6495349976	37.0044052863
336	54.2695836274	8.6803105152	37.0501058574
337	66.0465116279	2.6046511628	31.3488372093
338	57.9684763573	5.8669001751	36.1646234676
339	57.4029126214	8.5558252427	34.0412621359
340	62.1963070943	3.4985422741	34.3051506317
341	61.0289389068	7.0096463023	31.961414791
342	77.1390960948	7.5910487056	15.2698551996
343	88.8767344119	9.2175715355	1.9056940526
344	63.7082601054	3.8664323374	32.4253075571
345	62.7751196172	3.4449760766	33.7799043062
346	64.5641389086	5.1736357194	30.2622253721
347	84.210208031	12.1190130624	3.6707789066
348	55.8136924804	38.5521885522	5.6341189675
349	56.0288808664	7.9422382672	36.0288808664
350	34.909596662	8.7621696801	56.3282336579
351	77.2716618486	19.3530744589	3.3752636925
352	72.0215633423	17.6639712489	10.3144654088
353	64.5470383275	3.6585365854	31.7944250871
354	74.3595035231	24.7236062384	0.9168902385
355	69.8269896194	27.986973336	2.1860370446
356	39.907550077	5.7010785824	54.3913713405
357	59.6244131455	6.1815336463	34.1940532081
358	66.7964946446	1.9474196689	31.2560856865
359	81.2407680945	14.7307640661	4.0284678394
360	69.8642957417	19.1233816877	11.0123225706
361	61.5326251897	5.7663125948	32.7010622155
362	56.8643379366	6.8237205524	36.311941511
363	63.5706914345	2.4767801858	33.9525283798
364	80.8126611541	17.8743961353	1.3129427107
365	59.4695554725	13.4852446769	27.0451998506
366	66.4106406894	26.1708505058	7.4185088048
367	86.2125650069	12.925159902	0.8622750912
368	47.7582741525	35.9185314217	16.3231944258
369	81.9846720414	10.8888225341	7.1265054245
370	61.8042226488	3.7428023033	34.452975048
371	57.2446555819	8.729216152	34.026128266
372	64.5454545455	24.303030303	11.1515151515
373	67.2154617037	4.2233357194	28.561202577
374	59.4534711965	6.646971935	33.8995568685
375	62.5	4.3706293706	33.1293706294
376	63.0006357279	6.4208518754	30.5785123967
377	53.2803180915	9.4102054341	37.3094764745
378	64.9375600384	2.6897214217	32.3727185399
379	62.5563909774	5.4887218045	31.954887218
380	70.178335535	23.1175693527	6.7040951123
381	77.1238485159	2.8147389969	20.0614124872
382	62.8515369523	17.7894048398	19.359058208
383	67.1079429735	1.4256619145	31.466395112
384	73.4367183592	10.3551775888	16.208104052
385	78.7759905845	7.3362102785	13.8877991369
386	92.5300092336	1.6251154201	5.8448753463
387	63.0501930502	21.2741312741	15.6756756757
388	56.9707401033	6.2822719449	36.7469879518
389	54.5554335895	10.0439077936	35.4006586169
390	58.8534107402	6.9666182874	34.1799709724
391	66.7211774325	3.4341782502	29.8446443173
392	59.8233995585	6.548933039	33.6276674025
393	66.6937449228	3.4930950447	29.8131600325
394	61.1475409836	5.3278688525	33.5245901639
395	98.8152844986	0.2530730296	0.9316424718
396	75.8967998015	22.4634085835	1.639791615
397	60.8919382504	5.0600343053	34.0480274443
398	68.75	2.397260274	28.852739726
399	61.1012433393	4.7069271758	34.1918294849
400	66.7695473251	1.4403292181	31.7901234568
401	59.3305300432	40.0221312382	0.6473387186
402	56.7548746518	14.9025069638	28.3426183844
403	73.4373358546	24.9212102112	1.6414539342
404	56.5448504983	8.3056478405	35.1495016611
405	65.4598825832	2.3483365949	32.1917808219
406	66.3795007731	28.8712171416	4.7492820853
407	61.4987080103	4.8234280792	33.6778639104
408	61.0197368421	5.3453947368	33.6348684211
409	71.119133574	19.6389891697	9.2418772563
410	64.7509578544	2.7777777778	32.4712643678
411	54.4738725841	8.5182534001	37.0078740157
412	57.4599260173	8.4463625154	34.0937114673
413	76.9328802039	15.8028887001	7.264231096
414	60.6741573034	4.4007490637	34.925093633
415	61.8343195266	5.8431952663	32.3224852071
416	57.8448275862	6.0344827586	36.1206896552
417	66.8036998972	1.4388489209	31.7574511819
418	66.083679123	33.5322862544	0.3840346226
419	95.4191263282	3.5182998819	1.0625737899
420	60.3678929766	5.4347826087	34.1973244147
421	63.4232640425	35.6440974559	0.9326385016
422	87.8355295266	7.6256710591	4.5387994144
423	64.5669291339	2.657480315	32.7755905512
424	66.5711556829	2.1967526266	31.2320916905
425	81.2109345583	16.6277581143	2.1613073274
426	66.7107875579	15.1555261416	18.1336863005
427	66.9599217986	1.8572825024	31.1827956989
428	66.7353244078	1.4418125644	31.8228630278
429	57.7102803738	6.8535825545	35.4361370717
430	67.6318510858	15.2705963461	17.0975525681
431	40.2611534276	14.853101197	44.8857453754
432	75.7449178502	10.9440267335	13.3110554163
433	65.7869012708	2.2482893451	31.9648093842
434	62.0535714286	5.7291666667	32.2172619048
435	66.4589823468	1.4537902388	32.0872274143
436	65.4849688032	18.9166193988	15.5984117981
437	62.7773212818	4.7658175842	32.4568611339
438	81.4174589455	16.327492732	2.2550483225
439	57.6598311218	8.5042219542	33.835946924
440	57.8494623656	7.3835125448	34.7670250896
441	66.9230769231	2.0192307692	31.0576923077
442	66.5631469979	1.4492753623	31.9875776398
443	79.0664322724	19.2635085122	1.6700592154
444	55.6890459364	8.1978798587	36.1130742049
445	59.7615499255	6.4828614009	33.7555886736
446	59.2283718431	39.9527135948	0.8189145621
447	61.8181818182	6.2237762238	31.958041958
448	76.021234479	20.7576030232	3.2211624978
449	65.3465346535	2.2772277228	32.3762376238
450	66.3190823775	1.4598540146	32.2210636079
451	60.5080831409	6.0046189376	33.4872979215
452	70.3351449275	10.2807971014	19.384057971
453	61.6751269036	4.9069373943	33.4179357022
454	57.5401730532	8.4054388134	34.0543881335
455	58.1117021277	7.7792553192	34.1090425532
456	53.4143276079	38.7096774194	7.8759949728
457	95.9590281681	0.7619761414	3.2789956905
458	65.2879581152	10.4188481675	24.2931937173
459	61.0582634444	38.7218745013	0.2198620543
460	56.7901234568	8.024691358	35.1851851852
461	71.5555555556	8.4938271605	19.950617284
462	61.7082533589	3.8387715931	34.452975048
463	63.862332696	3.154875717	32.982791587
464	58.5393904543	8.4531339851	33.0074755607
465	60.9813084112	5.7632398754	33.2554517134
466	66.8580803938	3.3634126333	29.7785069729
467	45.729303548	5.7818659658	48.4888304862
468	81.1049362537	7.126511932	11.7685518143
469	95.5162845042	0.810573974	3.6731415218
470	62.5645438898	4.4750430293	32.9604130809
471	67.0071501532	1.4300306435	31.5628192033
472	61.0687022901	5.0890585242	33.8422391858
473	66.2486938349	1.4629049112	32.2884012539
474	63.9001986906	33.2627601707	2.8370411387
475	60.2378929482	5.3525913339	34.4095157179
476	69.3668528864	12.4767225326	18.156424581
477	70.2868773762	28.0579131303	1.6552094935
478	67.8990081154	2.254283138	29.8467087466
479	53.6534446764	5.7411273486	40.6054279749
480	65.6606304494	5.1643192488	29.1750503018
481	59.5360824742	5.4982817869	34.9656357388
482	51.4112903226	9.9462365591	38.6424731183
483	61.5643964936	6.5407956844	31.894807822
484	58.8315217391	7.4048913044	33.7635869565
485	64.358974359	3.9316239316	31.7094017094
486	81.9914651494	14.7842579422	3.2242769085
487	51.6887816647	10.4945717732	37.8166465621
488	77.1403924951	7.7205089498	15.1390985551
489	61.2745098039	5.3104575163	33.4150326797
490	58.1792318634	7.3257467994	34.4950213371
491	73.9032620922	23.7212995434	2.3754383643
492	75.0921149595	9.1378039794	15.7700810612
493	52.5238744884	9.4815825375	37.9945429741
494	73.7238731693	17.8871036542	8.3890231765
495	56.3858695652	8.2201086957	35.3940217391
496	62.5	5.8571428571	31.6428571429
497	55.7319223986	9.2886537331	34.9794238683
498	48.0056980057	3.9886039886	48.0056980057
499	64.0728476821	4.2218543046	31.7052980132
500	57.9915134371	7.4257425743	34.5827439887
501	64.2329020333	3.3271719039	32.4399260628
502	70.9264807559	23.4270569256	5.6464623185
503	69.8975634013	29.4361014421	0.6663351566
504	71.4423262084	21.8178316965	6.7398420951
505	62.9598662207	4.5150501672	32.525083612
506	67.074317968	2.1636876764	30.7619943556
507	54.7336100529	42.2982885086	2.9681014386
508	66.4241164241	1.4553014553	32.1205821206
509	66.0642570281	1.9076305221	32.0281124498
510	54.9682875264	41.5785764623	3.4531360113
511	59.1353996737	6.0358890702	34.8287112561
512	69.4954894754	17.4072836619	13.0972268627
513	59.2567567568	7.2972972973	33.4459459459
514	68.1401320616	23.3492296405	8.5106382979
515	79.5344993803	18.7807005463	1.6848000735
516	68.9260143198	12.553699284	18.5202863962
517	56.6689702833	8.0165860401	35.3144436766
518	71.3169642857	14.7693452381	13.9136904762
519	32.0547945205	20.8219178082	47.1232876712
520	61.974944731	5.8216654385	32.2033898305
521	70.559300419	17.3073419566	12.1333576243
522	70.4883227176	3.2554847842	26.2561924982
523	57.8703703704	6.8672839506	35.262345679
524	59.5555555556	6.5925925926	33.8518518519
525	62.0192307692	5.2083333333	32.7724358974
526	71.477318346	24.1870734645	4.3356081895
527	61.5246636771	4.4843049327	33.9910313901
528	76.9314769315	10.0737100737	12.9948129948
529	68.3233929755	4.3737574553	27.3028495693
530	72.6900318616	12.5625853437	14.7473827947
531	59.8376848737	38.1280367345	2.0342783918
532	59.1044201024	39.8194528541	1.0761270435
533	60.0858369099	5.321888412	34.5922746781
534	63.5314995563	3.9041703638	32.5643300799
535	87.5197597218	11.0852039203	1.3950363579
536	56.8212824011	8.0491132333	35.1296043656
537	71.7529518619	9.9909173479	18.2561307902
538	79.2731198273	12.8463476071	7.8805325657
539	49.6164467628	17.6127646517	32.7707885855
540	57.4029126214	8.5558252427	34.0412621359
541	77.1785714286	21.203125	1.6183035714
542	55.1460361613	8.4840055633	36.3699582754
543	70.5436612942	23.4423863363	6.0139523695
544	63.9917695473	2.366255144	33.6419753086
545	63.3053221289	3.548085901	33.1465919701
546	71.0701894849	19.3755004003	9.5543101148
547	65.5752212389	3.185840708	31.2389380531
548	62.2881355932	6.0028248588	31.709039548
549	63.3982300885	11.7522123894	24.8495575221
550	62.2030237581	5.9035277178	31.8934485241
551	68.3995327103	16.4135514019	15.1869158879
552	66.5479340525	30.2310197435	3.221046204
553	89.425934616	2.0647583294	8.5093070546
554	63.0026809651	4.0214477212	32.9758713137
555	57.1942446043	8.6930455636	34.1127098321
556	64.0937284631	5.5134390076	30.3928325293
557	62.8892733564	4.3252595156	32.785467128
558	74.2798353909	15.0205761317	10.6995884774
559	61.1563517915	5.3745928339	33.4690553746
560	63.9486103828	16.9638175144	19.0875721028
561	74.5708154506	19.0527283875	6.3764561619
562	63.4123222749	3.317535545	33.2701421801
563	61.6169544741	5.4945054945	32.8885400314
564	58.4875301689	6.3555913113	35.1568785197
565	75.1882204011	22.8063162103	2.0054633886
566	58.0322828593	6.8408916218	35.1268255188
567	74.91930081	22.321700469	2.758998721
568	74.6768015322	22.3246349054	2.9985635624
569	75.1204725633	21.3353023473	3.5442250894
570	68.8109545858	27.5243818343	3.6646635799
571	57.6295244855	14.3364088006	28.034066714
572	77.3956900504	17.7441540578	4.8601558918
573	69.0909090909	1.3397129187	29.5693779904
574	64.7693817468	2.5515210991	32.6790971541
575	91.2812248187	5.2135374698	3.5052377115
576	55.0688360451	24.9061326658	20.0250312891
577	68.6450985162	15.3004135247	16.0544879591
578	66.1898569571	7.2821846554	26.5279583875
579	69.9426873275	21.0571004033	9.0002122692
580	58.3924349882	6.5405831363	35.0669818755
581	85.0148887721	10.2557365563	4.7293746716
582	58.4405753217	6.8130204391	34.7464042392
583	78.5709620534	20.374240742	1.0547972046
584	69.5729537367	8.5409252669	21.8861209964
585	77.9065841306	16.555993247	5.5374226224
586	56.7507002801	9.18767507	34.0616246499
587	69.552585706	7.3213248112	23.1260894829
588	55.9139784946	8.0286738351	36.0573476703
589	56.2725864739	9.7573567372	33.9700567888
590	76.0496613995	13.8826185102	10.0677200903
591	66.8036998972	1.4388489209	31.7574511819
592	69.4783197832	15.7520325203	14.7696476965
593	58.6588921283	8.3381924198	33.0029154519
594	80.636888224	15.8794614234	3.4836503526
595	64.1791044776	4.6347211312	31.1861743912
596	58.5714285714	6.4285714286	35
597	65.1162790698	2.6162790698	32.2674418605
598	57.6444769568	7.3152889539	35.0402340892
599	62.6300148588	5.4977711739	31.8722139673
600	81.7457664884	16.5106951872	1.7435383244
601	65.1624548736	3.1588447653	31.678700361
602	70.8333333333	9.222846442	19.9438202247
603	57.625	8.3125	34.0625
604	51.5759312321	2.7220630373	45.7020057307
605	80.8881578947	12.8947368421	6.2171052632
606	66.0396039604	21.8811881188	12.0792079208
607	80.0583657588	7.8145265889	12.1271076524
608	72.9048749315	16.9800985941	10.1150264743
609	61.994325943	37.0687541592	0.9369198977
610	57.3760580411	8.5852478839	34.038694075
611	69.1853233831	17.7549751244	13.0597014925
612	62.818336163	4.4991511036	32.6825127334
613	77.3557057407	19.9720344908	2.6722597685
614	58.1142339075	5.5303717135	36.355394379
615	62.2857142857	5.9285714286	31.7857142857
616	78.8340080972	15.7246963563	5.4412955466
617	59.3128390597	5.1537070524	35.5334538879
618	49.6449322143	10.7811491285	39.5739186572
619	61.8852459016	6.3524590164	31.762295082
620	66.5977249224	1.4477766288	31.9544984488
621	70.4747320061	12.3736600306	17.1516079632
622	48.3474250576	10.0691775557	41.5833973866
623	68.0245073688	24.9544626594	7.0210299719
624	62.8787878788	4.5454545455	32.5757575758
625	57.3126614987	9.4056847545	33.2816537468
626	66.5631469979	1.4492753623	31.9875776398
627	56.8429237947	7.1539657854	36.0031104199
628	69.2937563971	27.8403275333	2.8659160696
629	78.4140969163	17.6117724248	3.9741306589
630	51.0239906378	10.883557636	38.0924517262
631	65.6025538707	3.9904229848	30.4070231445
632	52.8113504992	10.8250131372	36.3636363636
633	64.353041988	3.8560411311	31.7909168809
634	78.2754880694	18.2537960954	3.4707158351
635	77.6854443667	18.255773268	4.0587823653
636	64.8111332008	2.4850894632	32.703777336
637	59.5435684647	7.0539419087	33.4024896266
638	57.3363431151	7.223476298	35.4401805869
639	61.4598540146	6.0583941606	32.4817518248
640	65.2152235333	27.9042712315	6.8805052352
641	62.8812725484	35.4993440472	1.6193834044
642	51.5957446809	10.6382978723	37.7659574468
643	63.0659253376	4.9245432883	32.0095313741
644	61.8885869565	6.3858695652	31.7255434783
645	93.5384227448	1.5633864969	4.8981907584
646	68.143812709	2.8428093646	29.0133779264
647	67.6607642125	2.0503261883	30.2889095993
648	76.041064199	17.7125506073	6.2463851938
649	69.5936478281	9.4815506773	20.9248014946
650	74.0582420518	15.5757413839	10.3660165643
651	55.0209205021	8.5076708508	36.4714086471
652	49.5639534884	3.1976744186	47.238372093
653	81.7599910943	16.497829233	1.7421796727
654	85.8761118424	12.5643173388	1.5595708189
655	95.5085374907	0.8017817372	3.6896807721
656	63.4424603175	27.1825396825	9.375
657	61.5102639296	6.0117302053	32.4780058651
658	91.9693351766	5.1841146161	2.8465502074
659	60.3351955307	4.5623836127	35.1024208566
660	51.2474713419	9.979770735	38.7727579231
661	83.6512919585	14.7597198744	1.5889881671
662	67.2983693257	14.9845747025	17.7170559718
663	66.5380906461	2.1215043394	31.3404050145
664	61.1420612813	6.4763231198	32.3816155989
665	81.1049362537	7.126511932	11.7685518143
666	88.6389798991	9.6387142478	1.7223058532
667	62.966031483	4.6396023198	32.3943661972
668	60.1694915254	6.709039548	33.1214689266
669	74.8480243161	8.358662614	16.7933130699
670	65.1486988848	2.9739776952	31.8773234201
671	65.1121076233	3.2286995516	31.6591928251
672	75.4911591356	12.9174852652	11.5913555992
673	58.5890975721	19.0563444801	22.3545579478
674	51.8276762402	9.9869451697	38.1853785901
675	68.7134502924	4.9707602339	26.3157894737
676	85.962113659	10.8673978066	3.1704885344
677	59.3625498008	6.1354581673	34.5019920319
678	76.2385193432	20.5816866129	3.179794044
679	88.7847595637	9.8901520971	1.3250883392
680	49.9075101739	13.2445431003	36.8479467259
681	68.9748549323	11.6054158607	19.419729207
682	64.1404805915	8.6876155268	27.1719038817
683	63.1794871795	18.4957264957	18.3247863248
684	60.3347280335	5.4393305439	34.2259414226
685	63.9265536723	15.790960452	20.2824858757
686	72.894698479	24.8165605715	2.2887409495
687	66.6986564299	2.1113243762	31.1900191939
688	57.2452229299	6.847133758	35.9076433121
689	58.9908256881	5.1376146789	35.871559633
690	56.9296375267	7.7469793888	35.3233830846
691	70.0240192154	21.6493194556	8.3266613291
692	65.9671838375	29.434088626	4.5987275366
693	66.362339515	15.6062767475	18.0313837375
694	75.1067020418	20.7636405583	4.1296573999
695	52.207293666	16.6346769034	31.1580294306
696	83.8867438867	6.6409266409	9.4723294723
697	61.099796334	6.6530889342	32.2471147318
698	61.5643964936	6.5407956844	31.894807822
699	80.3109409444	13.4006265228	6.2884325328
700	73.129218429	24.8019172454	2.0688643255
701	57.2727272727	8.6060606061	34.1212121212
702	65.1538461538	4.4615384615	30.3846153846
703	61.3652357495	6.3335679099	32.3011963406
704	63.861003861	4.8648648649	31.2741312741
705	60.3102189781	4.7445255475	34.9452554745
706	72.2408723636	26.2936123909	1.4655152455
707	73.9172749392	13.5766423358	12.5060827251
708	94.8522674357	4.4642723026	0.6834602617
709	53.9646320593	10.0399315459	35.9954363948
710	61.0897927859	5.8326937836	33.0775134305
711	62.0192307692	5.2083333333	32.7724358974
712	62.3456790123	6.1728395062	31.4814814815
713	55.6939501779	9.2526690392	35.0533807829
714	57.5719649562	8.3229036295	34.1051314143
715	87.769601624	7.2062928191	5.024105557
716	59.5041322314	7.0936639119	33.4022038567
717	72.4946695096	15.0776728602	12.4276576302
718	63.1631631632	2.9029029029	33.9339339339
719	54.6079779917	8.734525447	36.6574965612
720	59.6486175115	30.0979262673	10.2534562212
721	63.7168141593	3.8053097345	32.4778761062
722	63.3299284985	2.6557711951	34.0143003064
723	85.0422638736	9.2980521867	5.6596839397
724	80.376515635	15.9221442246	3.7013401404
725	54.8243167875	9.8717233687	35.3039598438
726	62.8425038984	19.3807083983	17.7767877033
727	48.3545414656	13.1197893813	38.5256691531
728	54.0540540541	10.5558388577	35.3901070882
729	69.6245733788	3.7542662116	26.6211604096
730	63.8024691358	15.0617283951	21.1358024691
731	77.6961271102	18.2522343595	4.0516385303
732	61.0612244898	5.387755102	33.5510204082
733	68.6556169429	23.2780847145	8.0662983425
734	61.9907736797	36.877739781	1.1314865392
735	57.2957969865	16.5344964314	26.1697065821
736	59.5884003742	4.7708138447	35.6407857811
737	66.1790780142	30.6515957447	3.1693262411
738	64.9619810242	33.5340824978	1.503936478
739	77.4896876841	18.8231332604	3.6871790555
740	61.8320610687	4.834605598	33.3333333333
741	58.6892919836	8.3089526039	33.0017554125
742	68.747485584	28.7515086496	2.5010057664
743	74.6233298588	19.634227234	5.7424429072
744	60.7476635514	5.8411214953	33.4112149533
745	59.3175853018	5.4243219598	35.2580927384
746	51.5132002576	10.1738570509	38.3129426916
747	57.1933962264	8.7853773585	34.0212264151
748	66.9052603147	25.3832129111	7.7115267743
749	59.6380802518	6.1369000787	34.2250196696
750	70.2728578267	10.6749640977	19.0521780756
751	91.9377046171	6.1622250099	1.900070373
752	51.6066838046	10.1542416452	38.2390745501
753	40.4368932039	15.3398058252	44.2233009709
754	65.1676206051	4.0065412919	30.825838103
755	83.9642359498	9.9744542499	6.0613098003
756	62.6240014046	34.3516811518	3.0243174436
757	65.3465346535	3.8778877888	30.7755775578
758	61.4035087719	6.067251462	32.5292397661
759	61.9543494267	37.1077451702	0.937905403
760	63.1853785901	4.1775456919	32.637075718
761	72.4386724387	17.2438672439	10.3174603175
762	81.5971447691	13.2723622574	5.1304929735
763	58.813108946	5.4915854739	35.6953055802
764	68.4459140293	11.9981105338	19.5559754369
765	51.9660411081	11.8409294013	36.1930294906
766	77.6874941627	19.1556925376	3.1568132997
767	58.4165477889	13.2667617689	28.3166904422
768	66.9230769231	2.0192307692	31.0576923077
769	69.4323144105	2.0087336245	28.5589519651
770	76.2007858231	20.5596985005	3.2395156764
771	72.6093224411	12.0134550697	15.3772224892
772	40	10.7920792079	49.2079207921
773	68.2720743557	7.900295733	23.8276299113
774	53.6847242557	10.8833577355	35.4319180088
775	59.5301327886	31.2359550562	9.2339121553
776	62.1508379888	6.0754189944	31.7737430168
777	56.7327409433	8.0656185919	35.2016404648
778	51.1760966306	10.3623649078	38.4615384615
779	65.7548125633	1.9250253293	32.3201621074
780	61.1918604651	6.1773255814	32.6308139535
781	77.0210168309	18.8453824017	4.1336007674
782	89.5815881134	8.8973149332	1.5210969534
783	65.5197657394	4.6852122987	29.7950219619
784	71.4430379747	15.746835443	12.8101265823
785	82.1190845263	15.9888757181	1.8920397556
786	63.1663974152	4.7657512116	32.0678513732
787	55.408388521	9.7130242826	34.8785871965
788	66.3300970874	14.7961165049	18.8737864078
789	61.6093880972	4.9455155071	33.4450963956
790	89.3519364731	9.5249700441	1.1230934828
791	57.3863636364	7.5994318182	35.0142045455
792	58.1624282199	6.3166529943	35.5209187859
793	71.8768859384	3.7417018709	24.3814121907
794	88.3246738977	10.251620701	1.4237054013
795	61.9909502262	5.6561085973	32.3529411765
796	68.7423806505	27.8587799288	3.3988394207
797	65.306122449	4.5351473923	30.1587301587
798	56.393030962	43.0956818888	0.5112871492
799	60.3253182461	6.6478076379	33.026874116
800	88.7926292629	9.5709570957	1.6364136414
801	60.5196982397	5.3646269908	34.1156747695
802	59.5475113122	5.0678733032	35.3846153846
803	71.0034013605	1.7006802721	27.2959183673
804	35.3711790393	8.0058224163	56.6229985444
805	75.8794595604	22.2215304153	1.8990100243
806	40.7102803738	16.7476635514	42.5420560748
807	61.0289389068	7.0096463023	31.961414791
808	68.2035355948	23.1485905399	8.6478738653
809	48.5714285714	11.7201166181	39.7084548105
810	80.8993669504	17.2888015717	1.8118314778
811	67.3093042749	3.101424979	29.589270746
812	55.2795031056	8.4886128364	36.231884058
813	71.066319896	3.5760728219	25.3576072822
814	66.4241164241	1.4553014553	32.1205821206
815	66.8868703551	3.3030553262	29.8100743187
816	85.6352201258	2.4402515723	11.9245283019
817	54.3606206528	10.2193686463	35.4200107009
818	69.0510424155	9.7411933861	21.2077641984
819	59.0341382182	5.9117402165	35.0541215654
820	65.0929899857	26.4050684652	8.5019415492
821	76.1242236025	18.6832298137	5.1925465839
822	57.3760580411	8.5852478839	34.038694075
823	62.0535714286	5.7291666667	32.2172619048
824	69.4997786631	10.5799026118	19.9203187251
825	68.5441370224	16.4031620553	15.0527009223
826	57.625	8.3125	34.0625
827	57.2706935123	7.3079791201	35.4213273676
828	53.2228360958	9.883364027	36.8937998772
829	73.2874569909	22.3125847148	4.3999582942
830	58.5174625802	13.1860299359	28.296507484
831	62.2377622378	4.458041958	33.3041958042
832	60.0704225352	6.7605633803	33.1690140845
833	69.5155296922	28.1567692631	2.3277010447
834	70.0648549092	29.2709210965	0.6642239944
835	74.0652346858	14.6910633784	11.2437019358
836	62.5325238508	4.4232437121	33.0442324371
837	62.1783876501	4.6312178388	33.1903945111
838	62.04238921	26.0115606936	11.9460500963
839	65.8935224132	22.8337940151	11.2726835717
840	60.6997558991	5.5329536208	33.7672904801
841	53.7836465211	10.6653123413	35.5510411376
842	80.6301251618	16.4868364264	2.8830384117
843	69.6926713948	9.7872340426	20.5200945626
844	59.8784194529	7.7203647416	32.4012158055
845	58.4702907712	7.9646017699	33.5651074589
846	78.6224439879	17.3662068291	4.0113491831
847	70.8034813989	27.1559730404	2.0405455607
848	66.9396110542	1.4329580348	31.627430911
849	63.6796949476	3.2411820782	33.0791229743
850	75.0719631549	2.9360967185	21.9919401267
851	63.8347622759	33.3690568979	2.7961808262
852	65.2377240842	4.2868277475	30.4754481684
853	64.9125378677	32.7372227108	2.3502394215
854	61.8031658637	6.3317274604	31.8651066758
855	58.7772925764	34.6899563319	6.5327510917
856	65.7074340528	3.996802558	30.2957633893
857	70.893235918	17.4169219892	11.6898420929
858	66.6574279379	12.6662971175	20.6762749446
859	62.3164763458	4.9755301795	32.7079934747
860	60.5555555556	7.4074074074	32.037037037
861	55.9139784946	8.0286738351	36.0573476703
862	63.5640413683	11.3762927605	25.0596658711
863	65.4083733699	5.1475634866	29.4440631434
864	56.1669829222	8.7286527514	35.1043643264
865	73.612112473	14.8521989906	11.5356885364
866	62.7450980392	4.8202614379	32.4346405229
867	59.6527777778	17.6388888889	22.7083333333
868	54.0709812109	8.8378566458	37.0911621434
869	88.7804503189	9.8939522016	1.3255974794
870	68.3883309421	6.0736489718	25.5380200861
871	58.5611510791	7.1223021583	34.3165467626
872	63.2833186231	3.9717563989	32.7449249779
873	63.291030698	34.1879608986	2.5210084034
874	66.4589823468	1.4537902388	32.0872274143
875	68.6252771619	5.8758314856	25.4988913525
876	83.7698036561	15.2362897766	0.9939065674
877	87.1215263376	3.4632932393	9.4151804231
878	65.7442748092	2.4809160305	31.7748091603
879	86.8516156463	5.4315476191	7.7168367347
880	60.5143721634	6.1270801815	33.3585476551
881	74.4680851064	12.9216398547	12.6102750389
882	61.1377655929	6.5798492118	32.2823851953
883	61.9164619165	5.0778050778	33.0057330057
884	62.9526462396	3.7140204271	33.3333333333
885	60.8945686901	7.0926517572	32.0127795527
886	56.4697083022	7.5542258788	35.976065819
887	60.3725656224	5.3344623201	34.2929720576
888	79.2407108239	17.6575121163	3.1017770598
889	57.1724137931	7.8620689655	34.9655172414
890	82.5371428571	10.9257142857	6.5371428571
891	54.2196531792	9.8843930636	35.8959537572
892	62.6666666667	3.5238095238	33.8095238095
893	40.2854877082	12.5297383029	47.1847739889
894	62.9656683711	5.5514974434	31.4828341855
895	68.6682242991	23.3878504673	7.9439252336
896	71.8191474622	26.4305177112	1.7503348266
