Files	Filesizes	Extracted Text	Metadata
1	59.9197247706	26.7775229358	13.3027522936
2	59.9197247706	26.7775229358	13.3027522936
3	77.3046018992	20.9934258583	1.7019722425
4	76.8703284647	21.5319207296	1.5977508057
5	73.7976938221	25.4742039311	0.7281022468
6	75.7977320675	22.6661392405	1.536128692
7	74.2370475515	24.3849065531	1.3780458954
8	59.9197247706	26.7775229358	13.3027522936
9	74.2630567126	24.8037487985	0.9331944889
10	68.0753564155	20.1120162933	11.8126272912
11	77.7817226443	20.5638003266	1.654477029
12	75.7262103506	22.7178631052	1.5559265442
13	59.8407281001	26.9624573379	13.196814562
14	69.5275360199	29.6204198055	0.8520441747
15	76.8075177396	21.7029981461	1.4894841143
16	66.2670662671	29.8701298701	3.8628038628
17	73.7164120362	25.4499266521	0.8336613117
18	73.3274678867	25.8525426711	0.8199894422
19	76.7522648321	21.6606498195	1.5870853484
20	74.9040155382	24.0435430688	1.052441393
21	76.164823199	22.4998567253	1.3353200757
22	67.4377224199	12.0106761566	20.5516014235
23	55.1394422311	26.4541832669	18.406374502
24	73.4626472976	25.8851848742	0.6521678283
25	73.7781791657	25.4124839348	0.8093368995
26	59.9197247706	26.7775229358	13.3027522936
27	73.3389669378	25.8406394141	0.8203936481
28	74.2805611222	24.7855711423	0.9338677355
29	59.9197247706	26.7775229358	13.3027522936
30	89.613679544	5.488705932	4.897614524
31	59.9197247706	26.7775229358	13.3027522936
32	76.5115542893	22.0132953466	1.475150364
33	67.8819444444	12.0659722222	20.0520833333
34	79.3952694465	17.776152158	2.8285783955
35	74.484096933	24.4131010981	1.102801969
36	77.3965408585	20.9719207338	1.6315384077
37	88.2057015092	5.3102291783	6.4840693125
38	59.9197247706	26.7775229358	13.3027522936
39	75.2124645892	23.3526296342	1.4349057766
40	77.0668792117	21.2448373306	1.6882834577
41	76.3676148796	21.987717936	1.6446671843
42	68.6677542142	28.8091353997	2.5231103861
43	87.0692484411	5.3167049557	7.6140466032
44	85.9499733901	7.8765300692	6.1734965407
45	59.9197247706	26.7775229358	13.3027522936
46	61.5204678363	11.4619883041	27.0175438596
47	67.1790235081	11.9349005425	20.8860759494
48	89.8827884022	5.3464939338	4.770717664
49	74.2688887108	24.7976924926	0.9334187966
50	59.9197247706	26.7775229358	13.3027522936
51	71.3659605551	27.8604156983	0.7736237466
52	66.6355140187	11.7757009346	21.5887850467
53	72.3380491437	19.0245718541	8.6373790022
54	72.9247853226	26.2716832776	0.8035313998
55	74.8346380242	23.7514412282	1.4139207476
56	86.3991925309	7.7466565733	5.8541508958
57	74.2688887108	24.7976924926	0.9334187966
58	76.912609616	21.3259752041	1.7614151799
59	74.5149700599	24.0898203593	1.3952095808
60	74.12727912	24.7023959014	1.1703249787
61	77.227585249	21.1542468227	1.6181679283
62	75.9276437848	22.5284919162	1.543864299
63	77.7344580705	20.6138796342	1.6516622953
64	59.8407281001	26.9624573379	13.196814562
65	72.4821988455	26.835057286	0.6827438685
66	74.2630567126	24.8037487985	0.9331944889
67	59.1047812818	17.3957273652	23.499491353
68	86.4145117715	4.6314164415	8.954071787
69	75.5077658303	23.1003584229	1.3918757467
70	77.2401807438	21.1400764685	1.6197427876
71	73.2623090297	25.8757814523	0.861909518
72	67.0018281536	11.8829981718	21.1151736746
73	76.2933753943	22.4815983176	1.2250262881
74	77.0013608662	21.6200224839	1.3786166499
75	76.8011093025	21.7941761621	1.4047145355
76	77.2202115813	21.1581291759	1.6216592428
77	64.2652671756	32.0451653944	3.68956743
78	67.9310344828	12.1551724138	19.9137931034
79	74.5367734023	24.442594945	1.0206316527
80	59.9197247706	26.7775229358	13.3027522936
81	76.1554294268	22.3913179068	1.4532526664
82	67.1220400729	11.839708561	21.0382513661
83	76.4585388059	22.6576132312	0.883847963
84	74.7866473149	23.8606676343	1.3526850508
85	74.261113336	24.8057669203	0.9331197437
86	76.898861353	21.540522438	1.560616209
87	76.0766641949	22.5942615937	1.3290742114
88	89.8827884022	5.3464939338	4.770717664
89	56.5342544617	30.1669545193	13.298791019
90	65.6167979003	14.1732283465	20.2099737533
91	74.2630567126	24.8037487985	0.9331944889
92	54.1080166737	45.1881834109	0.7037999154
93	77.749451172	20.6005240422	1.6500247858
94	64.5444361464	31.1239731143	4.3315907394
95	76.5139725286	21.9094661344	1.576561337
96	59.8407281001	26.9624573379	13.196814562
97	76.8777008025	21.5241100213	1.5981891762
98	87.5303250849	1.2130033964	11.2566715187
99	76.0100846855	22.4836770315	1.506238283
100	80.5058957779	15.0817801445	4.4123240776
101	76.2067654884	22.5280990389	1.2651354727
102	73.2033045531	25.3494005839	1.447294863
103	76.7459659417	21.767969896	1.4860641623
104	67.0909090909	11.9090909091	21
105	74.110931691	25.0140823914	0.8749859176
106	76.9400261654	21.4556221166	1.604351718
107	77.4196030158	20.7878135098	1.7925834744
108	70.0482615976	28.8042942973	1.1474441052
109	77.0590365809	21.2531691416	1.6877942774
110	77.2682926829	21.1080139373	1.6236933798
111	70.0800619835	29.1677427686	0.7521952479
112	76.432819681	21.9924303866	1.5747499324
113	77.22503995	21.1561175571	1.6188424929
114	64.2569035061	32.1439652498	3.5991312442
115	64.1971279373	32.0169712794	3.7859007833
116	77.1822783055	21.202246412	1.6154752825
117	55.0747442958	26.7505900865	18.1746656176
118	75.917340045	22.5394091933	1.5432507617
119	76.0427263479	22.4758392675	1.4814343845
120	75.4160999935	23.0749303802	1.5089696263
121	75.9718880588	22.5528681778	1.4752437635
122	77.5256269744	20.972213268	1.5021597576
123	77.231367646	21.1502396333	1.6183927207
124	72.8511602362	26.3490319923	0.7998077715
125	74.0212137922	25.2230043141	0.7557818937
126	74.4236981876	24.3004982752	1.2758035372
127	66.7286245353	11.8029739777	21.468401487
128	64.4642857143	14.9107142857	20.625
129	83.2957110609	7.9759217457	8.7283671934
130	59.9197247706	26.7775229358	13.3027522936
131	77.3003388963	21.2097960228	1.4898650809
132	75.8113456464	22.6517150396	1.536939314
133	69.7765606523	29.4983506566	0.7250886911
134	73.8468764678	25.4235165179	0.7296070142
135	76.0261786758	22.4933282501	1.4804930741
136	73.4277024744	25.6974430218	0.8748545038
137	72.2073566663	26.9613614471	0.8312818866
138	67.8761061947	11.6814159292	20.4424778761
139	77.1822783055	21.202246412	1.6154752825
140	66.5126199787	29.3636686811	4.1237113402
141	68.6161449753	12.3558484349	19.0280065898
142	76.4039095483	22.2485686195	1.3475218322
143	75.942368906	22.7564639526	1.3011671413
144	74.6846846847	4.5045045045	20.8108108108
145	73.5506727741	25.6155167478	0.8338104781
146	84.0124365898	12.1911307478	3.7964326624
147	76.3447625039	22.1893677257	1.4658697704
148	69.000191211	30.737737186	0.2620716029
149	76.9544617004	21.5122400632	1.5332982364
150	73.6813596046	25.5298259869	0.7888144086
151	74.9703530852	24.1383267664	0.8913201484
152	64.5525017618	19.1684284708	16.2790697674
153	61.9414483821	35.6753980483	2.3831535696
154	77.749451172	20.6005240422	1.6500247858
155	71.0064635272	18.2825484765	10.7109879963
156	77.231367646	21.1502396333	1.6183927207
157	60.7793037368	35.5158096455	3.7048866177
158	76.3129823681	22.2250109807	1.4620066512
159	73.8460563023	24.6766421506	1.4773015471
160	75.436819448	23.0881235756	1.4750569765
161	77.364027651	21.1164731968	1.5194991522
162	67.0018281536	11.8829981718	21.1151736746
163	59.9197247706	26.7775229358	13.3027522936
164	74.7302217809	23.7272426349	1.5425355842
165	77.5853572686	20.77437522	1.6402675114
166	76.6111381323	21.9722762646	1.4165856031
167	59.9197247706	26.7775229358	13.3027522936
168	69.0690559441	30.5914918415	0.3394522145
169	74.2630567126	24.8037487985	0.9331944889
170	61.3690402372	38.6130466003	0.0179131625
171	77.4810142876	21.0194362209	1.4995494916
172	59.9197247706	26.7775229358	13.3027522936
173	66.84733514	12.2854561879	20.8672086721
174	72.0880750508	27.1607724298	0.7511525194
175	73.8954809392	25.2641829264	0.8403361345
176	74.261113336	24.8057669203	0.9331197437
177	76.0785619174	22.3701731025	1.55126498
178	59.9197247706	26.7775229358	13.3027522936
179	76.2698819908	22.2357619292	1.49435608
180	71.7988642609	27.4897722416	0.7113634976
181	70.0350175088	18.3591795898	11.6058029015
182	59.9197247706	26.7775229358	13.3027522936
183	83.2558139535	4.7545219638	11.9896640827
184	61.2574208811	38.2225594786	0.5200196402
185	91.0847522479	8.1723104394	0.7429373127
186	76.9107360585	21.5940447924	1.4952191491
187	74.5182736731	24.6065432145	0.8751831123
188	59.805764411	39.1514500537	1.0427855353
189	67.3524150268	11.9856887299	20.6618962433
190	77.0935308903	21.365259955	1.5412091547
191	77.3852282374	21.0931887938	1.5215829687
192	82.3121808899	9.2268417214	8.4609773888
193	77.2789023231	21.1384322782	1.5826653987
194	59.9197247706	26.7775229358	13.3027522936
195	72.1425946343	27.0789482476	0.778457118
196	83.9143584846	15.1583890481	0.9272524674
197	76.502952905	22.3209328151	1.17611428
198	70.0408163265	11.1020408163	18.8571428571
199	59.9197247706	26.7775229358	13.3027522936
200	73.5445600824	25.6278194153	0.8276205023
201	75.8782201405	22.6470029749	1.4747768846
202	73.3547181783	25.8239627763	0.8213190454
203	73.9208892739	25.2381983543	0.8409123719
204	75.7745239741	22.761264375	1.4642116509
205	62.0868919421	37.501105158	0.4120028999
206	57.2614107884	10.7883817427	31.9502074689
207	84.2364793213	14.5281018028	1.2354188759
208	58.1117021277	11.170212766	30.7180851064
209	73.4430020497	25.3324223472	1.2245756031
210	73.9637703408	25.2413604885	0.7948691707
211	75.8537176072	22.7355291838	1.410753209
212	73.6009689025	25.5690521141	0.8299789834
213	88.7425768138	5.2672347018	5.9901884844
214	79.758812616	15.9369202226	4.3042671614
215	74.2805611222	24.7855711423	0.9338677355
216	54.7955390335	28.029739777	17.1747211896
217	72.1090041178	27.2798803997	0.6111154825
218	78.9023521026	4.5616535994	16.5359942979
219	62.3285899094	35.6705476498	2.0008624407
220	74.1160661796	24.9055177627	0.9784160578
221	67.5552922591	27.8633491311	4.5813586098
222	79.4852941176	16.25	4.2647058824
223	76.3237569804	22.1085918052	1.5676512144
224	70.6863146405	28.6778550962	0.6358302633
225	73.1076560951	26.1707135778	0.7216303271
226	74.2708333333	24.7956730769	0.9334935897
227	76.1388286334	22.2307746134	1.6303967532
228	73.8318765512	25.3300240999	0.8380993489
229	74.1711105959	25.0571362327	0.7717531715
230	67.4688057041	11.9429590018	20.5882352941
231	74.2669443999	24.7997115847	0.9333440154
232	77.2787846482	21.1687100213	1.5525053305
233	67.7320264503	31.7216151573	0.5463583923
234	66.820702403	11.8299445471	21.3493530499
235	59.9269183922	11.9366626066	28.1364190012
236	72.0378989362	27.1875	0.7746010638
237	71.2784090909	22.1306818182	6.5909090909
238	59.9197247706	26.7775229358	13.3027522936
239	76.2757325823	22.161872192	1.5623952256
240	74.2650004005	24.8017303533	0.9332692462
241	74.0206746464	24.9229234675	1.0564018861
242	72.7515243902	18.4070121951	8.8414634146
243	74.2630567126	24.8037487985	0.9331944889
244	71.7469879518	27.4732262383	0.7797858099
245	59.9197247706	26.7775229358	13.3027522936
246	72.9623245506	26.2180321525	0.8196432969
247	59.9197247706	26.7775229358	13.3027522936
248	63.5861561119	32.1428571429	4.2709867452
249	76.5570992884	21.8637749915	1.5791257201
250	88.7425768138	5.2672347018	5.9901884844
251	76.8608846719	21.582253107	1.556862221
252	73.786721188	25.3775243014	0.8357545106
253	89.7307451472	5.4268419954	4.8424128574
254	76.4790128897	22.2375234108	1.2834636995
255	75.450153711	23.2707509881	1.2790953008
256	72.366438753	26.2834627419	1.350098505
257	64.9913070966	31.341868184	3.6668247195
258	68.7622149837	27.4592833876	3.7785016287
259	76.750068362	21.6570959803	1.5928356576
260	76.9734574285	21.4201999311	1.6063426405
261	63.0653266332	7.9145728643	29.0201005025
262	55.9296781883	37.1573301549	6.9129916567
263	71.2868217054	21.519379845	7.1937984496
264	74.2669443999	24.7997115847	0.9333440154
265	74.2688887108	24.7976924926	0.9334187966
266	75.6938090881	22.8850259225	1.4211649893
267	76.9035358737	21.4967387573	1.599725369
268	70.612244898	10.5306122449	18.8571428571
269	73.9570529969	25.2006362519	0.8423107512
270	59.9197247706	26.7775229358	13.3027522936
271	75.7977320675	22.6661392405	1.536128692
272	74.0878239022	25.0384370195	0.8737390783
273	61.5522887201	38.1230404793	0.3246708005
274	76.5728535803	21.7670110438	1.6601353759
275	65.2198421646	28.2412626832	6.5388951522
276	74.5073849423	24.6941503033	0.7984647545
277	74.2844544216	24.7815281007	0.9340174778
278	73.5002809778	25.6813711717	0.8183478505
279	59.9197247706	26.7775229358	13.3027522936
280	61.4762656409	38.51139855	0.0123358091
281	75.2540459164	23.2844059716	1.4615481119
282	73.9312536106	25.2274696707	0.8412767187
283	65.0840029218	18.042366691	16.8736303871
284	71.7158513901	27.6984565884	0.5856920215
285	61.6547748429	37.2442470349	1.1009781222
286	76.6287076271	21.828654661	1.5426377119
287	69.9481865285	15.0259067358	15.0259067358
288	59.7671410091	25.2910737387	14.9417852523
289	59.3119810202	13.2858837485	27.4021352313
290	76.5782312925	21.8367346939	1.5850340136
291	60.4237288136	20	19.5762711864
292	77.231367646	21.1502396333	1.6183927207
293	77.6722460101	20.5216037369	1.806150253
294	78.0907767298	20.4342596696	1.4749636007
295	76.6419260276	21.9048213061	1.4532526664
296	73.8710104622	25.357568534	0.7714210038
297	66.4186851211	29.5674740484	4.0138408305
298	80.2006688963	4.2809364549	15.5183946488
299	77.3763283254	20.9160864786	1.707585196
300	84.5152603232	5.0718132855	10.4129263914
301	76.1461468468	22.22299993	1.6308532232
302	68.5430463576	12.3344370861	19.1225165563
303	59.9197247706	26.7775229358	13.3027522936
304	76.6543120593	22.2925329958	1.0531549449
305	67.4351585014	10.3746397695	22.1902017291
306	77.4458813607	20.9165026708	1.6376159685
307	77.3122760839	20.9841339475	1.7035899686
308	57.1239523599	32.6422584914	10.2337891487
309	76.3105550209	22.1944177093	1.4950272698
310	67.2883064516	32.0822678993	0.6294256491
311	65.5278514589	32.0106100796	2.4615384615
312	77.4204560972	20.9886658473	1.5908780554
313	77.3908590449	21.1176545897	1.4914863654
314	76.2686867333	22.1693369981	1.5619762687
315	72.5777166437	26.1403026135	1.2819807428
316	93.1501092621	4.8915784165	1.9583123214
317	66.3970885564	24.2215932066	9.381318237
318	59.9197247706	26.7775229358	13.3027522936
319	73.5129332036	25.7053712215	0.7816955749
320	75.8887902987	22.7329192547	1.3782904466
321	69.2967409949	10.8919382504	19.8113207547
322	75.917340045	22.5394091933	1.5432507617
323	76.2441314554	22.1931589537	1.5627095909
324	68.0035650624	11.4081996435	20.5882352941
325	76.9008155748	21.5666929755	1.5324914496
326	77.3679417122	21.3057832423	1.3262750455
327	63.8353115727	31.8620178042	4.3026706232
328	57.4040219378	0.365630713	42.2303473492
329	74.2688887108	24.7976924926	0.9334187966
330	71.8167701863	22.1790890269	6.0041407868
331	76.7026067968	21.7073836495	1.5900095537
332	59.9197247706	26.7775229358	13.3027522936
333	59.9197247706	26.7775229358	13.3027522936
334	75.1427088739	12.8178515828	12.0394395433
335	74.2844544216	24.7815281007	0.9340174778
336	69.916136141	29.3707149853	0.7131488737
337	65.9252669039	13.5231316726	20.5516014235
338	75.9503294475	22.5734921439	1.4761784085
339	75.1776900296	23.672260612	1.1500493583
340	75.8004075998	22.6678061929	1.5317862074
341	74.6994611027	24.4956473677	0.8048915296
342	74.277151661	24.7393524967	0.9834958423
343	87.1654833424	6.4991807755	6.335335882
344	59.9197247706	26.7775229358	13.3027522936
345	76.8719144268	21.5304443225	1.5976412507
346	76.5476513712	21.8707575346	1.5815910942
347	76.2630876256	22.0996416274	1.637270747
348	74.2688887108	24.7976924926	0.9334187966
349	93.1501092621	4.8915784165	1.9583123214
350	76.5175610746	21.9056642079	1.5767747175
351	75.9462828649	22.7334542158	1.3202629193
352	76.9808595161	21.336222463	1.682918021
353	70.4884941461	20.1453371013	9.3661687525
354	73.74724143	25.5671619832	0.6855965867
355	73.8194238194	25.3155628156	0.865013365
356	66.2754029432	29.6601261388	4.064470918
357	72.2369971385	26.9786231274	0.7843797341
358	73.5789649975	25.640596215	0.7804387875
359	77.0137417848	21.7207104448	1.2655477704
360	73.764832794	25.3973390867	0.8378281194
361	77.8767367296	20.4631278945	1.6601353759
362	59.9197247706	26.7775229358	13.3027522936
363	76.4761678919	22.142518378	1.3813137301
364	67.5221238938	12.0353982301	20.4424778761
365	76.8061832711	21.667649178	1.5261675509
366	75.4981596649	23.0232262978	1.4786140373
367	77.231367646	21.1502396333	1.6183927207
368	76.5324111744	21.8877135883	1.5798752373
369	56.5617069273	43.0002819814	0.4380110913
370	76.7162549475	21.6937354988	1.5900095537
371	62.5258799172	13.5610766046	23.9130434783
372	89.1802824702	10.4970922182	0.3226253115
373	76.7821748343	21.6253161096	1.5925090561
374	76.1723192187	22.2690480969	1.5586326845
375	71.2431352971	17.174238642	11.5826260609
376	74.2630567126	24.8037487985	0.9331944889
377	76.1534691591	22.215220892	1.6313099489
378	73.1537793223	6.7767158992	20.0695047785
379	74.5983827493	24.5642407907	0.83737646
380	67.2661870504	11.9604316547	20.773381295
381	71.8634686347	22.7859778598	5.3505535055
382	59.9197247706	26.7775229358	13.3027522936
383	66.4770418529	24.0958959772	9.4270621699
384	54.9274255157	27.4255156608	17.6470588235
385	81.8867924528	13.5054617676	4.6077457795
386	74.2688887108	24.7976924926	0.9334187966
387	59.9197247706	26.7775229358	13.3027522936
388	76.9601763814	21.4344770566	1.6053465619
389	76.0784083573	22.5541405012	1.3674511415
390	76.4281378566	22.0004046672	1.5714574762
391	59.2274678112	7.7253218884	33.0472103004
392	75.3152039555	23.2447466007	1.4400494438
393	66.3268661624	29.858599145	3.8145346925
394	74.3261586194	24.1677978153	1.5060435654
395	77.7698914046	20.5763361488	1.6537724466
396	77.4038164639	21.1572901871	1.438893349
397	70.9142201396	27.9716936024	1.114086258
398	89.6831530139	5.8346213292	4.4822256569
399	64.1638702461	32.5922818792	3.2438478747
400	83.513555869	12.8506503683	3.6357937627
401	71.2448860316	15.1957919345	13.5593220339
402	73.9215686275	24.8093681917	1.2690631808
403	77.7698914046	20.5763361488	1.6537724466
404	70.8674522335	28.6154938641	0.5170539023
405	69.4915254237	10.9322033898	19.5762711864
406	76.5855480177	21.9642746001	1.4501773822
407	76.3725551852	22.162128168	1.4653166468
408	73.8862115591	25.3059667857	0.8078216552
409	75.5801385975	22.9385212029	1.4813401996
410	87.2340425532	4.6738751308	8.092082316
411	77.7030375982	20.6471712809	1.6497911209
412	59.9197247706	26.7775229358	13.3027522936
413	71.9299051469	27.5349670426	0.5351278106
414	77.2325468087	21.1456810747	1.6217721167
415	59.392975156	39.187369967	1.419654877
416	93.7208938897	5.550867323	0.7282387873
417	76.6813005026	21.8362282878	1.4824712095
418	76.4001973847	22.1625956082	1.4372070072
419	61.6845895116	37.2116158984	1.10379459
420	73.6171744903	25.3341734552	1.0486520546
421	73.0376873013	26.2570001514	0.7053125473
422	79.6166605234	16.10762993	4.2757095466
423	59.9197247706	26.7775229358	13.3027522936
424	76.4086249558	21.9441498763	1.6472251679
425	62.1086325898	35.5706712014	2.3206962089
426	75.6468889156	22.9510169696	1.4020941148
427	47.5	4.375	48.125
428	59.9197247706	26.7775229358	13.3027522936
429	77.4347125954	20.9339774557	1.6313099489
430	76.1534691591	22.215220892	1.6313099489
431	59.9197247706	26.7775229358	13.3027522936
432	68.0887372014	12.2013651877	19.7098976109
433	60.7178464606	16.2512462612	23.0309072782
434	61.2188365651	22.783933518	15.9972299169
435	62.5641025641	13.7435897436	23.6923076923
436	68.2456140351	11.4912280702	20.2631578947
437	73.8228739846	25.3396592625	0.8374667529
438	75.300060012	23.5347069414	1.1652330466
439	59.9197247706	26.7775229358	13.3027522936
440	59.9197247706	26.7775229358	13.3027522936
441	69.1975841242	10.8714408973	19.9309749784
442	75.9566834972	22.4953494552	1.5479670476
443	75.1227385836	23.310242787	1.5670186294
444	61.0561056106	19.8844884488	19.0594059406
445	77.7817226443	20.5638003266	1.654477029
446	71.3987221028	27.8957090513	0.705568846
447	77.3926100013	21.086303695	1.5210863037
448	77.735199378	20.9707875153	1.2940131067
449	67.3529411765	29.0557275542	3.5913312694
450	66.6355140187	11.7757009346	21.5887850467
451	77.4385547231	20.9299068693	1.6315384077
452	63.4100642398	33.4850107066	3.1049250535
453	74.2669079112	25.0062390816	0.7268530072
454	71.914893617	26.4326241135	1.6524822695
455	77.8767367296	20.4631278945	1.6601353759
456	55.938538206	39.2441860465	4.8172757475
457	87.2022051585	8.2299665288	4.5678283127
458	74.2577064852	24.7984769312	0.9438165836
459	74.4437954654	24.3190144958	1.2371900388
460	78.2721382289	11.7062634989	10.0215982721
461	73.2781456954	19.0397350993	7.6821192053
462	64.6350106308	18.993621545	16.3713678242
463	67.1539961014	25.3086419753	7.5373619233
464	76.3145524142	22.1207440736	1.5647035122
465	75.2403253636	23.3238846438	1.4357899926
466	71.3646532438	27.9309510853	0.7043956708
467	77.615977898	21.042937723	1.341084379
468	55.9490084986	11.3314447592	32.7195467422
469	76.6235534377	21.7903335602	1.586113002
470	74.4153494247	24.7891843911	0.7954661842
471	71.425111999	27.8695968035	0.7052911975
472	76.1060850167	22.4501177345	1.4437972487
473	70.2647657841	24.485177642	5.2500565739
474	67.3524150268	11.9856887299	20.6618962433
475	61.509867697	37.9203247658	0.5698075371
476	77.422349161	20.9139593002	1.6636915387
477	54.8083029716	44.4128756226	0.7788214059
478	70.4184847283	28.4262197541	1.1552955177
479	77.1860481243	21.1982525484	1.6156993274
480	59.9197247706	26.7775229358	13.3027522936
481	59.9197247706	26.7775229358	13.3027522936
482	76.9776247849	21.4182444062	1.604130809
483	67.7700348432	12.1080139373	20.1219512195
484	75.4981596649	23.0232262978	1.4786140373
485	72.5676021808	26.5798236306	0.8525741886
486	75.664423682	23.207629375	1.1279469429
487	73.7678090104	25.484533436	0.7476575536
488	72.3988806919	26.8602136861	0.740905622
489	77.4040142667	20.9665011539	1.6294845793
490	77.7400667096	20.8964831178	1.3634501726
491	55.8435438266	33.2233741753	10.9330819981
492	74.2688887108	24.7976924926	0.9334187966
493	77.1948088001	21.1881462975	1.6170449025
494	59.9197247706	26.7775229358	13.3027522936
495	77.9165180164	20.4209775241	1.6625044595
496	75.437820067	23.0890813681	1.4730985648
497	73.8414916453	25.1778273496	0.9806810051
498	76.7083077343	21.7011400096	1.5905522561
499	59.9197247706	26.7775229358	13.3027522936
500	74.6295482686	24.439829053	0.9306226784
501	76.9850561256	21.4103711866	1.6045726878
502	67.8903133469	31.7549255458	0.3547611072
503	85.5740503628	4.5241143833	9.901835254
504	75.7624141785	23.3075203577	0.9300654638
505	90.4847583129	8.7090412097	0.8062004775
506	79.970436068	15.7427937916	4.2867701404
507	56.4917127072	11.6022099448	31.9060773481
508	77.0883714503	21.3017342638	1.6098942859
509	77.7175929361	20.5535356533	1.7288714106
510	59.9197247706	26.7775229358	13.3027522936
511	74.5023784233	24.4215582136	1.076063363
512	59.7411050043	38.5811397165	1.6777552791
513	73.8583426842	25.349382842	0.7922744738
514	66.3273296789	24.5888801879	9.0837901331
515	61.3785557987	25.9299781182	12.6914660832
516	76.0524538496	22.63619991	1.3113462404
517	70.6233125954	28.8296748445	0.5470125602
518	73.3382570162	25.3380297693	1.3237132144
519	74.2669443999	24.7997115847	0.9333440154
520	75.7575757576	23.3121731145	0.9302511279
521	65.0860736007	32.522420369	2.3915060303
522	75.0091452262	23.5702963053	1.4205584685
523	75.6374378109	23.1550580431	1.2075041459
524	77.243968574	21.1360634082	1.6199680178
525	66.6355140187	11.7757009346	21.5887850467
526	75.5899001463	22.9281943649	1.4819054888
527	64.1441441441	15.045045045	20.8108108108
528	76.988656889	21.3279387328	1.6834043783
529	77.7077402738	20.7130269757	1.5792327504
530	72.647702407	26.1935548041	1.1587427889
531	59.9197247706	26.7775229358	13.3027522936
532	59.9197247706	26.7775229358	13.3027522936
533	67.1220400729	11.839708561	21.0382513661
534	64.9193548387	30.8284457478	4.2521994135
535	67.5221238938	12.0353982301	20.4424778761
536	70.6026869014	28.6727204876	0.724592611
537	77.7462591306	20.601375789	1.6523650805
538	74.9468906914	23.9281575898	1.1249517188
539	74.6225832083	24.3489008564	1.0285159354
540	76.6501757584	21.8330946491	1.5167295925
541	76.427643383	22.1307925509	1.4415640661
542	74.5668928266	23.89829392	1.5348132534
543	57.1428571429	11.4285714286	31.4285714286
544	71.9911408816	26.7502160761	1.2586430424
545	74.4368200837	24.7832635983	0.779916318
546	77.5301166012	20.9688848805	1.5009985183
547	75.4981596649	23.0232262978	1.4786140373
548	73.5109830753	25.649981995	0.8390349298
549	61.6735292726	37.2237209522	1.1027497752
550	59.9197247706	26.7775229358	13.3027522936
551	64.2019196587	31.6743690011	4.1237113402
552	74.520963764	24.3739328401	1.1051033959
553	74.3914071248	24.6423091279	0.9662837474
554	67.1790235081	11.9349005425	20.8860759494
555	77.309014984	21.2601326455	1.4308523704
556	72.6482728655	26.6285962571	0.7231308774
557	80.0599138738	15.5963302752	4.343755851
558	76.1146284572	22.3325558147	1.5528157281
559	76.7456146338	21.6640502355	1.5903351307
560	73.4061158514	25.3590545339	1.2348296147
561	77.0483882101	21.3432732795	1.6083385104
562	59.9197247706	26.7775229358	13.3027522936
563	59.8407281001	26.9624573379	13.196814562
564	77.7012005336	20.5721061212	1.7266933452
565	74.1126773497	24.817484733	1.0698379173
566	77.8498471632	20.413032133	1.7371207038
567	76.0294865277	22.4898322318	1.4806812405
568	73.5532047293	25.5406036092	0.9061916615
569	74.3623283192	24.3677785045	1.2698931764
570	77.5165042439	21.0185476265	1.4649481295
571	75.8200189139	23.0202578269	1.1597232592
572	75.917340045	22.5394091933	1.5432507617
573	75.917340045	22.5394091933	1.5432507617
574	74.6856988124	24.4129820897	0.9013190979
575	74.1775171454	25.05052513	0.7719577245
576	73.5965319709	25.6819941167	0.7214739124
577	73.2327586207	25.930316092	0.8369252874
578	73.8787420296	25.281890558	0.8393674124
579	65.8020403733	31.6800520946	2.517907532
580	74.4333318775	24.5490675634	1.017600559
581	77.8846839142	20.4547074335	1.6606086523
582	58.8630806846	39.7188264059	1.4180929095
583	75.6429548564	22.7633378933	1.5937072503
584	56.4059900166	5.1580698835	38.4359400998
585	77.55044646	20.8113618786	1.6381916614
586	76.2865403148	22.2165114038	1.4969482814
587	62.1090909091	21.0909090909	16.8
588	72.507537166	26.2813182243	1.2111446096
589	77.1512625644	21.7063005639	1.1424368718
590	75.1894956729	23.4198746643	1.3906296628
591	73.9778565743	25.1791012374	0.8430421883
592	60.5088495575	13.9380530973	25.5530973451
593	73.5370423753	25.6233784952	0.8395791294
594	70.2647657841	24.485177642	5.2500565739
595	59.9197247706	26.7775229358	13.3027522936
596	63.5605253816	32.3216187433	4.117855875
597	77.4290929514	20.9351305813	1.6357764673
598	70.1707194606	28.9936159529	0.8356645865
599	86.3957597173	7.7486118122	5.8556284705
600	59.8525430563	38.8053683544	1.3420885894
601	72.7033042287	26.4988871769	0.7978085944
602	66.4139633286	29.4957686883	4.0902679831
603	62.4203821656	13.0573248408	24.5222929936
604	66.0962992439	24.671707123	9.2319936331
605	74.6131878437	24.3936746089	0.9931375474
606	73.6341801698	25.5776191604	0.7882006698
607	59.8635588403	26.9471290506	13.1893121092
608	75.1901234568	23.6592592593	1.150617284
609	77.7817226443	20.5638003266	1.654477029
610	69.5871946083	10.951979781	19.4608256108
611	69.6741854637	11.0275689223	19.298245614
612	58.4416898558	40.379458639	1.1788515052
613	59.9197247706	26.7775229358	13.3027522936
614	74.244991528	24.9808963753	0.7741120967
615	76.3096363365	22.5312173524	1.1591463111
616	68.0102915952	12.1783876501	19.8113207547
617	76.6582760732	21.7565820804	1.5851418464
618	74.710478862	24.3558405129	0.9336806251
619	75.826833545	22.7643751134	1.4087913417
620	66.5040183697	30.1664753157	3.3295063146
621	72.6769656445	26.2485589117	1.0744754439
622	68.8311688312	12.4188311688	18.75
623	61.6713197369	37.2261392136	1.1025410495
624	77.4003781777	20.9678548918	1.6317669305
625	66.1538461538	11.6346153846	22.2115384615
626	72.3635206112	26.8947954799	0.741683909
627	65.1436483212	30.8411214953	4.0152301835
628	77.3619160673	21.0111025766	1.6269813561
629	77.0496033026	21.4474617816	1.5029349158
630	77.0846286701	21.3056994819	1.609671848
631	65.9365558912	32.3111782477	1.752265861
632	75.4094292804	23.1451612903	1.4454094293
633	73.5887571642	25.4965847531	0.9146580828
634	77.6977348682	20.5718529521	1.7304121797
635	78.0978914709	20.4267713544	1.4753371747
636	76.1169269493	22.5501973571	1.3328756936
637	76.5960264901	21.8609271523	1.5430463576
638	67.2661870504	11.9604316547	20.773381295
639	73.4307824592	6.7067927773	19.8624247635
640	73.8657640789	25.2952614144	0.8389745067
641	77.1376679985	21.1696331275	1.692698874
642	74.6207553158	24.6397968899	0.7394477944
643	59.9197247706	26.7775229358	13.3027522936
644	61.613663026	38.1744436664	0.2118933076
645	67.35395189	16.7697594502	15.8762886598
646	56.0927735036	43.3815400582	0.5256864382
647	78.9023521026	4.5616535994	16.5359942979
648	73.3180498242	25.969738652	0.7122115238
649	59.9197247706	26.7775229358	13.3027522936
650	76.3010614345	22.2000643294	1.4988742361
651	75.5566195834	23.0488388796	1.394541537
652	70.6567478209	28.4678388939	0.8754132852
653	61.6691110375	37.2285565596	1.1023324029
654	76.5643007254	21.8561453461	1.5795539286
655	61.8885869565	22.4184782609	15.6929347826
656	56.449704142	16.2130177515	27.3372781065
657	77.4850720056	20.8781173165	1.6368106779
658	74.5589230953	24.5131227847	0.92795412
659	48.6707566462	4.0899795501	47.2392638037
660	59.8635588403	26.9471290506	13.1893121092
661	55.0430023456	26.8960125098	18.0609851446
662	54.8679245283	27.6981132075	17.4339622642
663	66.9429097606	11.7863720074	21.270718232
664	59.9197247706	26.7775229358	13.3027522936
665	57.4040219378	0.365630713	42.2303473492
666	76.606387072	20.4181095293	2.9755033987
667	59.9197247706	26.7775229358	13.3027522936
668	54.5919798093	43.7815479529	1.6264722378
669	75.5223063589	22.3610984399	2.1165952012
670	62.2347949081	21.4285714286	16.3366336634
671	66.2104807276	32.7804244262	1.0090948463
672	79.3557833089	16.3982430454	4.2459736457
673	59.9197247706	26.7775229358	13.3027522936
674	73.4714259294	25.6667283151	0.8618457555
675	74.8648648649	4.3243243243	20.8108108108
676	77.6238797126	20.6503221984	1.725798089
677	76.8078450247	21.7903982674	1.401756708
678	60.4237288136	20	19.5762711864
679	74.7280163599	24.3190184049	0.9529652352
680	62.0622568093	22.9571984436	14.9805447471
681	76.9035358737	21.4967387573	1.599725369
682	77.0715600991	21.4489808877	1.4794590133
683	74.2669443999	24.7997115847	0.9333440154
684	89.8827884022	5.3464939338	4.770717664
685	59.9197247706	26.7775229358	13.3027522936
686	74.2630567126	24.8037487985	0.9331944889
687	68.5763438068	30.6673591275	0.7562970657
688	64.3197458973	23.3986236104	12.2816304923
689	74.2630567126	24.8037487985	0.9331944889
690	73.865522533	25.4047790548	0.7296984122
691	66.1986588433	28.9396479464	4.8616932104
692	59.2941176471	13.5294117647	27.1764705882
693	72.2522250717	27.0448031377	0.7029717906
694	75.4473161034	23.1051192843	1.4475646123
695	59.1360186807	27.3204903678	13.5434909515
696	77.9684037458	20.3660018586	1.6655943956
697	66.6362807657	12.3062898815	21.0574293528
698	66.5413533835	11.7481203008	21.7105263158
699	73.7717744924	25.2687065025	0.9595190051
700	51.0204081633	28.4826974268	20.4968944099
701	75.04957039	23.850439052	1.099990558
702	69.4943644778	29.8441359339	0.6614995883
703	76.9453190259	21.55754032	1.4971406541
704	77.0685148033	21.5149857134	1.4164994833
705	77.1245560629	21.3977676306	1.4776763064
706	74.2630567126	24.8037487985	0.9331944889
707	63.5369188696	15.4056517776	21.0574293528
708	70.6556453128	28.4689085102	0.875446177
709	74.6450582059	24.2912577037	1.0636840904
710	66.9009009009	28.9189189189	4.1801801802
711	76.8915631801	21.6169504545	1.4914863654
712	77.1899111716	21.2993581015	1.5107307268
713	67.7700348432	12.1080139373	20.1219512195
714	71.6949703421	27.3584139108	0.9466157471
715	67.2972972973	11.8918918919	20.8108108108
716	58.2191780822	19.1780821918	22.602739726
717	76.4245598536	22.1051303086	1.4703098378
718	77.2644927536	21.1120401338	1.6234671126
719	70.8734286065	28.1724745096	0.9540968838
720	66.820702403	11.8299445471	21.3493530499
721	57.1239523599	32.6422584914	10.2337891487
722	76.1576291754	22.3542185604	1.4881522642
723	83.2988980716	8.7121212121	7.9889807163
724	85.9491105607	8.8268408016	5.2240486377
725	59.9197247706	26.7775229358	13.3027522936
726	72.4400234055	26.6510629998	0.9089135947
727	59.9197247706	26.7775229358	13.3027522936
728	59.9197247706	26.7775229358	13.3027522936
729	59.9197247706	26.7775229358	13.3027522936
730	73.4171744673	25.5758675829	1.0069579498
731	55.6195621946	43.4547693775	0.925668428
732	56.3738977072	42.8042328042	0.8218694885
733	74.2305010459	24.9958495202	0.7736494339
734	76.8078265034	21.598139153	1.5940343436
735	72.7297934285	26.193447017	1.0767595545
736	71.5128146972	27.7322360108	0.754949292
737	73.0337782791	25.5060475027	1.4601742182
738	74.9660586742	23.6585797769	1.3753615489
739	55.1394422311	26.4541832669	18.406374502
740	61.9799139168	21.4490674319	16.5710186514
741	59.9197247706	26.7775229358	13.3027522936
742	76.6510236006	21.7642657961	1.5847106033
743	74.2630567126	24.8037487985	0.9331944889
744	69.387755102	10.9693877551	19.6428571429
745	76.4838556505	22.1331908832	1.3829534663
746	59.9197247706	26.7775229358	13.3027522936
747	74.2747235134	24.7916332746	0.9336432121
748	75.6166187739	22.9885057471	1.3948754789
749	77.8340760637	20.7435443502	1.4223795861
750	75.7705479452	22.6949420443	1.5345100105
751	73.4743912678	25.7430730479	0.7825356843
752	74.4153494247	24.7891843911	0.7954661842
753	59.9197247706	26.7775229358	13.3027522936
754	77.6519357465	20.6232881783	1.7247760752
755	74.5083163116	24.1318937847	1.3597899037
756	77.0846286701	21.3056994819	1.609671848
757	61.5352564888	37.8936790765	0.5710644347
758	56.4059900166	5.1580698835	38.4359400998
759	74.02588342	25.1613353333	0.8127812467
760	83.213610586	8.0151228734	8.7712665406
761	75.4050757884	23.2417678146	1.353156397
762	76.6034384318	21.9184165451	1.4781450232
763	71.6942961506	26.9963472886	1.3093565608
764	71.4099927414	27.8853133317	0.7046939269
765	70.9726920797	28.214696753	0.8126111673
766	59.9197247706	26.7775229358	13.3027522936
767	56.0490045942	8.5758039816	35.3751914242
768	75.9979500028	22.6752462844	1.3268037128
769	76.2471603816	22.6942298955	1.0586097229
770	66.8969771746	31.6656384948	1.4373843307
771	75.9276437848	22.5284919162	1.543864299
772	73.5337729123	25.7311417484	0.7350853393
773	83.0455259027	4.8142333857	12.1402407117
774	74.2688887108	24.7976924926	0.9334187966
775	73.5737658273	25.5975245412	0.8287096315
776	59.9197247706	26.7775229358	13.3027522936
777	67.3524150268	11.9856887299	20.6618962433
778	77.2136050636	21.1657508521	1.6206440843
779	74.4704875962	24.7322497861	0.7972626176
780	62.2287735849	35.0353773585	2.7358490566
781	64.6589259797	31.9738751814	3.3671988389
782	59.9197247706	26.7775229358	13.3027522936
783	67.0018281536	11.8829981718	21.1151736746
784	73.6061898908	25.55137754	0.8424325692
785	59.9197247706	26.7775229358	13.3027522936
786	59.9197247706	26.7775229358	13.3027522936
787	59.9197247706	26.7775229358	13.3027522936
788	77.3254189944	21.0474860335	1.6270949721
789	71.0784313725	12.675070028	16.2464985994
790	55.0747442958	26.7505900865	18.1746656176
791	76.5570992884	21.8637749915	1.5791257201
792	65.6167979003	14.1732283465	20.2099737533
793	77.2401807438	21.1400764685	1.6197427876
794	60.6697819315	37.6876239026	1.642594166
795	59.9197247706	26.7775229358	13.3027522936
796	76.9140813098	21.4831120589	1.6028066314
797	59.9197247706	26.7775229358	13.3027522936
798	69.5275360199	29.6204198055	0.8520441747
799	77.4654797785	20.9013808089	1.6331394126
800	66.820702403	11.8299445471	21.3493530499
801	88.0474152124	8.1330260125	3.8195587751
802	59.9828934506	37.1823069404	2.834799609
803	66.3498098859	11.6920152091	21.9581749049
804	63.9255702281	22.1488595438	13.9255702281
805	61.48799081	38.5001585962	0.0118505938
806	74.207893274	24.7958267414	0.9962799846
807	42.3344947735	17.4216027875	40.243902439
808	75.91349739	6.7859806115	17.3005219985
809	57.4040219378	0.365630713	42.2303473492
810	74.2688887108	24.7976924926	0.9334187966
811	61.2937433722	14.2099681866	24.4962884411
812	75.4241194911	23.5017517979	1.0741287111
813	74.2688887108	24.7976924926	0.9334187966
814	88.5682263939	4.9313533203	6.5004202858
815	73.390891431	25.6032808116	1.0058277574
816	71.3736994919	27.9216065812	0.7046939269
817	70.6770484483	28.6726947979	0.6502567537
818	85.5740503628	4.5241143833	9.901835254
819	77.0547236216	21.3373818232	1.6078945552
820	74.0674779856	25.1640777019	0.7684443125
821	74.3262971	24.7543894259	0.9193134741
822	64.9396735273	30.9439318666	4.1163946061
823	77.1374983831	21.3555814254	1.5069201914
824	73.4339397109	25.6957155131	0.8703447761
825	76.3171421228	22.1858134156	1.4970444616
826	76.5852964202	21.756458615	1.6582449648
827	76.5901060071	21.8265833107	1.5833106823
828	72.4062374466	26.7428696637	0.8508928897
829	75.6969498196	22.774680223	1.5283699574
830	77.0820374594	21.3076231944	1.6103393462
831	69.2504258944	11.073253833	19.6763202726
832	64.4709180098	19.3412754029	16.1878065872
833	61.6691110375	37.2285565596	1.1023324029
834	74.2630567126	24.8037487985	0.9331944889
835	77.0260941599	21.3654563026	1.6084495375
836	67.6882661996	12.0840630473	20.2276707531
837	84.4162501602	12.6105344098	2.97321543
838	67.5221238938	12.0353982301	20.4424778761
839	74.0266578904	25.2065163732	0.7668257364
840	74.4153494247	24.7891843911	0.7954661842
841	75.9276437848	22.5284919162	1.543864299
842	64.593639576	19.0812720848	16.3250883392
843	72.3587063051	26.880104541	0.7611891539
844	64.0133325801	34.6703576069	1.316309813
845	61.6257157683	38.1621710197	0.212113212
846	68.0887372014	12.2013651877	19.7098976109
847	59.9197247706	26.7775229358	13.3027522936
848	64.7935291613	25.3299276288	9.8765432099
849	77.3351935821	21.0394140216	1.6253923962
850	74.6748829579	24.3927814013	0.9323356408
851	74.7203839158	24.3778784009	0.9017376833
852	76.9275287763	21.5741752942	1.4982959295
853	77.9833695408	20.2711813619	1.7454490973
854	64.4709180098	19.3412754029	16.1878065872
855	77.4285924077	20.8605624495	1.7108451428
856	73.5605353252	25.5329909742	0.9064737006
857	67.3835125448	11.917562724	20.6989247312
858	75.1831865947	23.4933257597	1.3234876456
859	77.7887006303	20.8639333834	1.3473659862
860	73.9264618039	25.300325214	0.773212982
861	76.1599572735	22.2845316777	1.5555110488
862	65.3196622437	30.0160836349	4.6642541214
863	67.8509532062	12.1317157712	20.0173310225
864	73.6215709993	25.4692316697	0.9091973309
865	73.880462586	25.2801095219	0.8394278921
866	77.9844074101	20.3490451327	1.6665474573
867	86.3935255438	7.7389984826	5.8674759737
868	77.2340425532	21.2167553191	1.5492021277
869	66.820702403	11.8299445471	21.3493530499
870	62.2329498767	35.3841413311	2.3829087921
871	74.2315238718	24.9218806773	0.8465954509
872	74.7322825171	24.3332130109	0.934504472
873	73.7199752898	25.4333369672	0.846687743
874	77.6705276705	7.4002574003	14.9292149292
875	88.7831232313	5.2482634422	5.9686133265
876	76.8517121738	21.3908583497	1.7574294765
877	74.0694339125	25.1623751278	0.7681909597
878	64.3232095988	31.3273340832	4.349456318
879	65.7924107143	29.8921130952	4.3154761905
880	76.0986995665	22.3474491497	1.5538512838
881	73.0108722511	26.2694588584	0.7196688905
882	75.7732974322	22.6965259079	1.5301766599
883	61.8924085199	34.939923539	3.167667941
884	89.8827884022	5.3464939338	4.770717664
885	74.7382356481	24.327034942	0.9347294099
886	77.8966131907	20.4420677362	1.6613190731
887	77.243968574	21.1360634082	1.6199680178
888	59.9197247706	26.7775229358	13.3027522936
889	76.7083077343	21.7011400096	1.5905522561
890	61.928057554	37.4623937214	0.6095487247
891	55.0988142292	26.6403162055	18.2608695652
892	73.1889006146	25.3647029611	1.4463964244
893	58.8443334894	39.9438289905	1.2118375202
894	79.5714813447	16.143332102	4.2851865534
895	59.9197247706	26.7775229358	13.3027522936
